0.306803 6
0.306803 6
0.306803 6
0.306803 6
0.306803 6
0.306803 6
0.3511 7
0.272571 8
0.276382 9
0.269238 10
0.210772 13
0.187774 15
0.18985 17
0.189947 19
0.148665 23
0.143737 30
0.144268 38
0.118518 52
0.0782084 73
0.0723454 108
   
0.136556 6
0.136556 6
0.136556 6
0.136556 6
0.136556 6
0.136556 6
0.134674 7
0.109788 8
0.0909877 9
0.0913452 10
0.089457 13
0.0781782 15
0.0668607 17
0.0672195 19
0.0661501 23
0.0606231 30
0.0461445 38
0.0472968 52
0.0350135 73
0.0350991 108
   
0.0644491 6
0.0644491 6
0.0644491 6
0.0644491 6
0.0644491 6
0.0644491 6
0.0543636 7
0.0527487 8
0.0401692 9
0.0401558 10
0.0325985 13
0.0346662 15
0.0298518 17
0.0284072 19
0.0281027 23
0.026092 30
0.0256141 38
0.0249262 52
0.0221025 73
0.0161607 108
   
0.0513826 6
0.0513826 6
0.0513826 6
0.0513826 6
0.0513826 6
0.0513826 6
0.0482228 7
0.0279875 8
0.0279645 9
0.0211989 10
0.0170313 13
0.0159314 15
0.0159357 17
0.0165323 19
0.0163906 23
0.0130909 30
0.0130867 38
0.0113889 52
0.00982547 73
0.00854388 108
   
0.0152137 6
0.0152137 6
0.0152137 6
0.0152137 6
0.0152137 6
0.0152137 6
0.0162791 7
0.0105945 8
0.0110224 9
0.0110134 10
0.0105387 13
0.0103472 15
0.0109652 17
0.00975525 19
0.00974065 23
0.00890881 30
0.00617968 38
0.00565726 52
0.00486167 73
0.00455021 108
   
0.0136799 6
0.0136799 6
0.0136799 6
0.0136799 6
0.0136799 6
0.0136799 6
0.0111878 7
0.00806356 8
0.00620812 9
0.00560482 10
0.0049221 13
0.00446579 15
0.00443293 17
0.00445632 19
0.00447503 23
0.00455174 30
0.00370401 38
0.00368908 52
0.00267971 73
0.00252444 108
   
